[outofsound.png]
filters=finetune2=1,0.000000,0.174035,0.000000,00000000,0.000000;Boost=1,21.637426;sat=1,0.052632;finetune2=1,0.152047,0.047719,0.000000,00000000,0.000000;
moddate=0000cc5d61d7a506
width=456
height=240
textactive=0
